 ======================================================
 Program started at :29 Mar 2022   0:27:32.749 AM  
 Clen =   2.000000000000000E-003
 Crho =    1000.00000000000     
 Ct   =   1.000000000000000E-004
 CVel =    20.0000000000000     
 tau  =   0.575000000000000     
 uMax_ =   7.500000000000001E-002
 Re_SI =    100.000000000000     
 Re_LBM =   100.0000000000000     
 Aborted for Checking
 ======================================================
 Program started at :29 Mar 2022   0:29:09.865 AM  
 Clen =   2.000000000000000E-003
 Crho =    1000.00000000000     
 Ct   =   1.000000000000000E-004
 CVel =    20.0000000000000     
 tau  =   0.575000000000000     
 uMax_ =   7.500000000000001E-002
 Re_SI =    100.000000000000     
 Re_LBM =   100.0000000000000     
 Aborted for Checking
 ======================================================
 Program started at :29 Mar 2022   0:29:26.620 AM  
 Clen =   2.000000000000000E-003
 Crho =    1000.00000000000     
 Ct   =   1.000000000000000E-004
 CVel =    20.0000000000000     
 tau  =   0.575000000000000     
 uMax_ =   7.500000000000001E-002
 Re_SI =    100.000000000000     
 Re_LBM =   100.0000000000000     
snap  1 recorded at LBM time %d         0
snap  2 recorded at LBM time %d    100000
snap  3 recorded at LBM time %d    200000
 Program ended at :29 Mar 2022  10:40:38.400 AM  
 ======================================================
